10
365
82 -107 178 -418 -240 -63 -176 -463 37 110 342 227 -412 -473 447 -231 -312 308 348 -273 230 276 312 82 -201 178 -10 -268 -290 242 -395 446 455 142 260 481 81 291 309 410 -160 -76 281 15 300 -438 43 -381 333 -376 -210 -451 7 242 -292 -323 -363 -468 485 -50 -177 310 66 342 285 169 7 -105 148 -29 170 -91 40 449 136 -118 284 350 -5 67 384 -257 -266 401 -224 -217 -112 107 -256 -90 -111 -249 -336 458 85 92 -129 -436 428 -12 -133 372 -123 -129 -183 202 228 320 449 120 477 -364 115 -446 188 -133 -165 -65 -192 -211 -400 -169 299 -193 342 -92 -138 468 44 -317 -248 -487 -462 -472 -6 205 -242 -10 -76 360 441 418 -19 -391 286 -349 488 7 -67 -480 305 -231 -492 36 -303 482 427 -324 463 200 -95 324 -350 141 -15 448 -394 296 216 -197 336 438 -153 -268 -218 -374 170 218 139 -163 286 -176 399 -484 475 -3 -368 -489 -320 347 193 -287 -278 -249 465 119 -430 -125 -70 -147 -493 -148 68 265 195 -20 139 -42 -294 273 223 338 -95 -146 330 -45 330 297 406 191 270 -431 -199 141 282 -246 96 -55 167 275 105 -155 173 489 45 302 -163 -108 -372 -380 235 -60 -428 243 -42 275 -456 -391 47 -468 305 -343 155 -388 -131 96 302 -490 -280 -191 390 -167 90 413 95 -303 -258 14 -241 165 108 -266 -278 249 270 475 93 -185 371 -402 36 445 379 160 75 154 -382 10 -52 -303 380 -307 -284 -204 365 112 -98 25 -401 -182 -327 -142 417 216 9 -331 212 222 -406 -24 -360 317 135 -279 -38 -267 -232 208 163 -208 -350 -284 -212 -21 166 175 -51 127 -208 262 143 -295 180 493 408 287 133 -194 -25 -493 153 254 416 -435 -418 -461 480 -84 145 415 40 413 -362 -207 -359 -170 334 232 223 -285 474 -374 -332 385 303
274
-175 74 -161 -129 -180 -351 205 248 -408 223 -67 -15 -355 -467 440 264 396 -444 478 433 199 -120 -240 187 -481 175 -76 215 79 -408 -439 178 -266 140 32 -292 -451 393 342 304 129 393 102 313 341 -209 -153 283 -306 475 60 277 55 179 -449 -72 -26 389 -66 -225 422 -137 457 373 463 -188 356 -328 -157 -238 77 -180 272 -332 -220 361 35 -44 493 -310 29 -439 355 357 166 -13 471 484 496 -56 140 47 -372 -452 233 -379 -408 332 15 -467 -87 330 -73 -498 192 470 -179 -400 360 -338 -18 -371 470 -479 197 -368 -243 397 -113 113 271 -79 384 -230 -133 -394 425 -42 481 -171 -500 -372 399 -133 485 -400 170 -433 -66 -275 22 -195 19 -332 -12 210 251 -305 211 -43 443 -296 98 190 -199 237 139 44 420 24 -129 -407 -22 -462 -111 280 69 -190 238 -172 44 117 -497 118 -330 -409 -354 -368 437 -114 -420 -388 188 287 467 -291 110 -393 -39 373 -446 277 169 192 -380 -194 253 -410 106 -237 -387 -401 363 -260 -209 -146 62 54 -218 -172 -268 -394 -196 414 -65 -396 74 -85 -341 -231 -14 -74 -144 -363 343 134 -166 -72 -433 308 169 -237 -447 95 315 323 95 128 -447 22 24 -147 -495 -8 493 -469 255 59 -228 77 89 -223 -192 -185 -130 19 -86 456 -369 -226 69 350 -415 -356 -105 -316 -285 333 351 -12 -479 -74 -340 123
324
362 55 -216 493 155 -367 -120 65 -300 499 -308 -39 195 9 10 -423 37 -15 352 167 291 -130 361 112 103 -271 185 441 -485 -340 -185 -241 133 -181 384 170 -321 -317 -138 299 -181 9 48 81 425 -159 231 471 34 345 -467 -193 -74 -211 373 252 214 391 37 407 496 115 352 -476 -34 307 -225 -57 447 365 -385 -115 471 -350 451 -228 166 -47 199 -209 493 -201 -15 141 -237 -480 203 368 -56 307 -469 -339 -278 -405 221 -349 435 -326 340 174 -80 -121 -500 -463 -117 410 346 227 -259 -192 414 438 -474 -429 448 355 -212 -381 -180 142 -293 -1 102 -200 302 -495 -223 -81 -199 157 144 284 173 -428 -275 114 189 419 137 439 -208 -151 9 137 -328 -393 119 478 -315 221 -247 283 -65 457 227 280 -48 29 68 92 119 462 -15 -7 -19 399 -462 417 451 -198 92 10 -80 -104 -458 274 167 -159 -437 243 -307 475 -154 -454 -354 -271 470 338 180 445 336 -197 -119 70 -217 318 297 339 -333 351 104 -472 -58 89 -183 98 91 118 -313 -405 146 -62 -20 161 450 361 258 -7 -212 -239 186 220 -258 354 286 35 328 227 -27 -411 45 53 -124 392 101 -263 18 -403 349 165 234 88 493 -27 202 116 -76 49 140 180 121 -197 -385 -214 352 -16 194 235 -18 -66 -23 140 282 -447 311 -446 -359 295 -418 -346 286 425 -271 -475 -264 -302 341 98 -115 -64 -116 378 454 484 490 199 360 -162 248 225 -193 -373 5 -10 -169 97 -465 -282 -298 335 33 -69 -389 -211 123 -222 232 -234 303 -34 -72 -482 276 -345 127 -227 278 -202 -204 482 -75 -19 314 85
410
-174 -61 343 -380 -260 -394 -186 -316 -477 125 350 -473 -15 -414 -104 -250 84 -374 58 -73 -332 -121 -346 -19 285 -312 500 -146 125 417 338 463 -212 -283 258 -432 -389 -79 -198 105 364 -198 426 -264 207 122 20 -304 -372 92 -442 -42 403 -407 -198 -189 -154 -177 -41 182 -28 -211 407 -236 -66 436 187 155 -425 -231 -479 334 -270 355 -289 466 246 -364 203 451 77 -291 195 -223 442 -147 3 129 -227 430 -450 -79 -159 279 424 143 -494 -155 -293 -257 -409 -40 -43 -144 370 304 387 472 490 378 -274 -178 405 367 325 -301 18 298 333 -112 -467 174 -162 -280 216 247 319 124 -369 -21 -472 358 -19 169 -413 -387 274 437 268 -284 236 -52 234 -320 107 -168 326 -218 -288 -117 275 -31 -27 -382 -328 -72 -296 -221 242 -121 308 270 20 106 -272 -282 -499 199 309 -16 -453 -105 -198 -375 465 -130 137 -499 48 404 -187 57 -59 315 -152 -102 145 141 339 21 -376 -416 -126 108 31 371 480 111 -170 -123 -295 328 -148 122 401 -292 398 -495 -344 303 293 370 260 -402 -152 472 196 -3 368 -493 190 -383 380 -50 -15 -5 -299 -270 169 -180 -328 277 -239 -360 -143 -427 387 -429 -325 -97 -448 -305 -245 -448 -290 144 -242 197 74 -484 187 289 -415 400 434 -420 128 -43 169 -207 329 376 292 311 162 330 -20 498 486 -110 -64 0 289 -160 469 275 371 -131 58 242 -140 197 -412 -119 -20 -406 10 -82 -413 -112 -375 182 -477 -78 -342 131 266 179 -265 -161 81 451 -167 412 -330 220 307 161 476 132 -252 -194 221 56 458 436 -270 457 79 -7 -453 21 -83 124 -298 48 310 120 -321 422 308 -54 -388 179 -15 82 -482 -131 -407 -466 479 -421 121 425 296 -421 64 198 99 403 474 387 8 -89 -127 -111 24 289 -176 -89 249 -5 -498 156 -390 -420 -260 -379 87 377 277 435 -389 138 -407 -304 43 139 366 123 -119 150 -331 370 366 220 69 -459 -6 -252 401 -19 55 -259 464 -478 -90 103 71 166 77 -317 -28 -370 157 -323 486 197 462 -12
387
394 -211 363 -331 189 -445 283 98 -426 -3 -44 65 200 152 483 203 410 -485 -153 -455 333 -40 48 -472 35 268 377 200 -354 239 -106 -406 -481 265 161 452 38 -135 468 -117 484 -374 -429 475 452 200 277 -355 -102 71 128 25 -143 438 416 364 -34 -475 -309 446 375 -478 188 -336 -300 161 -452 216 -290 -98 -72 6 207 81 -39 499 21 -113 273 -495 -175 -159 -68 -367 140 -475 69 -110 230 483 -350 -355 -459 251 -338 -126 -275 -213 443 -147 -128 65 64 -161 -25 478 122 393 147 -396 467 494 -261 331 376 -140 -124 -145 -272 -129 -486 256 -326 -328 117 38 -399 429 97 185 84 -466 188 -429 341 173 80 -321 10 -376 -466 -395 -417 157 -272 -29 -354 259 -50 162 169 -54 -447 -491 394 -252 226 388 -469 217 38 -251 -13 -439 49 -48 102 53 -191 -466 -130 -128 481 328 -95 335 359 147 -376 485 -369 -162 413 -80 400 -482 325 213 -195 24 -184 212 -3 337 -45 43 464 226 -44 175 -330 499 417 181 -477 -80 21 -129 -344 411 -114 -405 -436 -357 369 464 441 489 428 -385 -79 57 -80 -140 -241 -55 278 -251 -208 253 -357 109 460 371 319 -427 250 62 -216 -57 194 133 428 372 -436 100 41 178 -54 299 -25 -358 138 408 464 98 37 -315 12 179 436 89 -133 166 452 -202 -250 -208 -269 209 102 104 143 104 463 -231 488 401 -56 -172 250 164 -372 325 -318 -331 -160 -448 494 -51 104 447 222 408 -477 115 -238 192 107 -367 82 -77 397 -76 42 -419 -363 -63 -458 220 137 386 263 425 -356 129 -369 -101 473 265 -138 175 -56 -428 -219 -44 -276 280 -113 -61 32 -40 -101 243 -218 -135 -6 141 -89 -463 338 -310 390 -394 146 -199 -145 -332 -359 -44 172 -308 -420 -95 372 76 -219 487 262 -406 -67 366 467 367 63 248 -189 -281 79 392 475 -216 113 3 -383 -363 -120 -345 -159 -247 -41 282 -354 -332 198 -449 -241
272
60 -87 69 107 -313 317 -348 319 -298 -247 280 39 -474 -328 -78 -223 49 -477 -317 -406 -311 160 -372 -215 14 -23 -426 -166 -254 -351 -116 131 -401 -210 -479 -170 163 387 213 -488 396 -424 -79 -130 -77 371 -309 26 11 481 285 486 -377 133 200 -208 -342 -140 -477 407 258 229 357 -430 -457 79 185 133 -274 -391 -414 452 -186 -410 298 53 82 -453 -214 230 -286 272 -271 76 336 443 159 407 386 -399 483 -293 -231 354 -152 -232 27 326 -171 -252 -194 -71 -331 -94 -389 -246 -374 8 108 265 423 11 -107 22 91 -50 -6 -90 453 -33 -368 177 -271 -341 -497 -382 145 211 -123 -82 491 290 -46 -206 439 440 112 42 181 435 -151 -49 -23 269 -172 5 462 316 -98 -297 438 455 -463 -208 -463 -401 94 -388 -315 -411 362 -276 -129 453 -353 252 370 163 353 -467 207 -79 -314 187 434 65 -213 284 83 -151 -308 326 486 -71 -43 179 325 -209 -2 105 288 -149 272 390 494 359 135 243 -476 -242 27 -119 460 -397 -367 -428 -384 -242 194 199 331 470 18 -213 11 -140 -222 -357 -391 21 -301 -242 345 251 -405 -68 12 -222 -496 176 -418 329 -369 138 479 75 82 -73 264 145 -347 -453 -142 -156 414 92 -19 345 -332 159 -198 379 -382 193 464 -104 112 -462 399 -325 493 -204 351 -36 409 113 218 -42 23 -146 -77 226
373
-374 -151 -476 -407 -487 -315 145 -277 113 -208 449 136 -333 399 -369 200 -43 88 -361 393 -101 -25 -85 41 78 473 372 371 -140 -362 105 271 3 161 145 -148 307 -272 269 -34 137 -15 278 415 47 500 -385 429 152 -312 227 54 -281 277 228 -91 -363 -380 -53 -26 459 -419 115 -242 193 -4 -45 134 -245 -341 -151 -38 -127 -458 35 284 -35 -118 -385 196 -359 -67 131 -120 -400 -458 -168 -325 96 93 494 -99 -305 197 -111 149 271 95 243 91 265 277 426 -353 166 -223 416 -304 407 -470 -121 347 -270 -447 -300 -123 456 -380 -70 -82 -380 456 -376 -483 -482 -15 -470 -280 -348 -155 332 360 -146 269 76 -488 -434 -183 -219 -355 211 296 167 -130 -331 -9 322 -171 114 -255 -324 -34 -200 -306 -468 104 -198 -136 -429 -466 307 -361 163 -249 410 201 -444 -236 -221 44 -237 342 482 55 -352 -288 -195 324 -155 -149 -83 142 -132 -357 -475 391 -37 -59 335 -45 321 -270 421 387 64 -49 461 344 -82 -469 -155 325 418 -213 261 -302 -112 359 257 -347 -443 -147 -24 -286 267 139 466 -397 130 -453 117 25 394 442 220 -350 167 346 320 -497 -464 335 331 207 408 -60 335 -166 -223 265 157 -192 -474 91 -158 -162 -132 436 76 370 411 297 320 -144 -83 107 245 75 -375 -141 -158 -401 -320 -344 106 -340 282 312 90 -438 469 -98 11 -100 -44 -477 57 -51 -97 480 -196 428 -312 -330 436 147 69 309 -311 -244 161 46 -356 -155 -302 81 -247 -176 -72 -173 -145 -57 -316 246 382 -413 285 -493 -435 -379 -399 200 -363 364 -56 -202 -203 -255 308 186 483 426 -492 -437 -391 -57 136 25 -496 4 263 12 45 -400 -473 -135 -124 -493 219 194 72 -126 -111 244 463 55 -159 220 -331 -116 -326 -112 -45 22 281 -166 330 349 252 179 -38 -255 -95 68 443 124 95 387 -454 342 -131 -140 94
345
247 168 338 378 -354 -40 -79 -425 488 326 -291 223 408 -452 6 315 176 117 366 355 213 -213 -241 296 -484 -187 101 173 -457 -341 429 -329 441 -149 307 -47 -404 480 -300 405 -247 -359 -135 -377 -266 461 -494 429 65 70 -250 185 452 -262 -500 -395 -64 76 -218 -397 362 103 -391 -240 22 268 -269 383 427 -83 427 -5 -116 354 -12 249 -84 141 219 -245 -278 214 425 -323 215 -320 178 267 -145 -285 -411 188 -182 -453 72 -295 -457 214 -119 475 88 461 -471 93 -456 -404 -432 -419 -130 -51 -300 -491 52 55 14 163 -303 54 -124 -323 233 446 -191 -329 299 -285 -359 173 322 -58 52 10 335 -178 422 -409 -405 -393 362 465 468 38 -49 271 -357 -475 174 -303 43 -243 414 497 488 -461 17 -277 -438 284 -430 -267 178 143 -264 -465 -300 338 234 417 -322 -211 107 -422 -371 -318 -343 -154 -103 -395 445 121 293 462 -450 70 262 -123 56 366 -407 -202 482 -208 310 -191 -174 171 -328 58 -250 350 -408 62 263 -344 164 -139 266 290 -84 -298 220 457 -396 67 -378 266 -302 -411 -14 3 -258 -282 -301 375 -286 -95 -420 -202 471 -431 -482 267 467 -470 393 -202 174 482 498 420 -182 -136 -431 321 -467 -26 -308 113 -190 -295 -233 -199 345 -63 24 220 -430 -82 -416 110 -186 383 -10 -182 59 224 482 -377 159 248 205 -191 -295 408 -454 244 -166 -77 355 500 374 47 -182 -400 -448 -10 385 -272 103 -339 -280 -158 60 141 -228 -302 -184 -325 -259 140 -36 240 -330 -375 -304 342 -72 -468 -314 483 -223 -422 224 -471 319 136 -233 249 -371 -7 -469 -165 -139 -287 -374 -111 -187 3 -317 -470 148 -287 43 -274 -68 451 143 471 289 36 -198 -203 -117 467 -227
374
464 -424 -268 350 -124 -455 -399 -130 -51 10 -32 -209 -417 443 -76 -91 -66 86 -49 -452 -436 376 -80 -449 168 -376 -381 -268 335 188 -140 385 -201 -472 -141 -186 -386 146 -257 180 425 330 -386 17 93 -399 -486 387 204 457 170 -358 226 -249 328 178 -426 136 408 -110 -421 -33 102 -297 -187 -225 -358 20 295 473 -56 -67 177 -197 287 498 367 182 410 -250 292 419 -70 -219 12 -466 393 -125 -280 214 318 -324 -348 -75 402 27 342 385 -25 -121 -307 -111 -464 320 112 287 159 -26 -243 46 41 283 100 -254 -157 -384 -239 -444 366 -232 -300 141 -208 -26 413 419 160 -498 -304 -336 59 -448 -86 371 -300 -435 440 266 -316 -473 -138 350 331 -239 -48 285 29 31 -15 -420 250 -171 401 129 353 -391 380 146 364 183 36 469 -381 190 -84 59 -318 -15 475 305 -332 -248 130 -449 250 -269 65 93 -14 192 301 289 198 -317 -206 -200 -294 233 168 445 -254 -119 423 -66 -219 166 279 -217 370 385 -24 64 418 110 -393 -359 -120 -140 -424 19 -405 -488 419 140 46 40 401 -368 -261 259 149 492 -154 -123 -54 304 -465 -128 -254 48 418 -204 304 -208 -441 -332 251 26 478 336 130 317 235 230 -280 474 70 -421 30 84 -73 -210 -469 -201 116 -99 -9 -342 -313 122 133 15 -115 -293 338 112 60 222 -244 -353 266 -34 -376 224 143 137 -123 -64 288 3 -45 403 418 76 152 197 467 -476 368 -281 -90 198 -418 15 478 -355 488 -336 -406 432 338 -211 454 171 236 -175 -127 -338 42 -259 -97 -88 -104 -463 81 462 -125 -88 -159 -97 -297 -492 -464 327 -2 -237 59 137 73 -220 -392 -282 -421 134 196 -293 -242 83 -438 -320 347 373 -220 -258 379 131 -329 -81 375 286 68 -125 401 165 -492 481 -413 -415 -428 365 -396 153 412 290 -467 200 -398 459 -332 180 -206 337 -185 122
261
-282 171 182 314 53 -23 61 222 223 -40 -460 -52 166 420 -64 131 370 195 -170 172 398 -228 -133 -105 85 178 -279 -248 380 382 -472 476 -73 -450 220 473 130 311 103 437 437 140 498 -37 -441 218 488 64 41 -338 -312 160 321 448 -10 -276 95 146 -128 -165 -307 -232 -139 -321 -404 92 68 493 432 490 -131 -211 -352 -192 401 -426 55 19 -323 463 154 -453 -420 -70 -368 -426 27 -99 128 -451 -479 217 353 -388 -454 336 -257 -339 410 414 -430 310 306 280 407 366 363 164 386 26 -160 -412 -478 93 -355 348 -181 354 28 -168 471 -36 380 409 306 -5 -239 -392 -330 -75 -370 -336 -275 127 -43 60 268 397 -481 -128 -330 -308 -391 -375 224 -464 -51 -196 -356 -485 -330 -187 -221 -208 -323 -241 106 279 -402 -75 -133 53 -8 -481 -199 173 483 -381 129 123 251 -56 286 31 -470 -487 -482 333 456 240 -374 415 -197 248 -157 290 204 -175 -442 -230 -284 -298 -494 -182 -129 -130 -268 172 -216 173 455 464 42 307 -481 191 243 223 -235 118 -128 -314 162 64 -318 -337 -425 -195 -489 115 -399 211 495 -430 -212 -337 27 67 470 193 -372 349 217 262 283 -269 -493 -163 -282 43 -476 -222 402 200 -219 -223 -273 -89 57 -317 143 -325 98 -187 72 267 -408 -419 -39 312 -159
